0,431
0,430
0,429
0,428
0,427
0,426
0,425
0,424
0,423
0,422
0,421
0,420
0,419
0,418
0,417
0,416
0,415
72,5
72,4
72,3
72,2
0,414
72,1
72,0
0,413
0,412
0,411
0,410
0,409
0,408
0,407
0,406
71,5
71,4
71,3
71,2
0,405
71,1
71,0
0,404
0,403
0,402
0,401
0,400
0,399
0,398
0,397
0,396
0,395
0,394
0,393
0,392
0,391
0,390
0,389
0,278
0,388
0,387
0,386
0,385
0,384
70,5
70,4
70,3
70,2
0,9
70,1
70,0
69,36
69,35
0,319
0,318
0,317
0,316
0,243
3,1
3,3
10,163
10,301
10,295
10,257
10,291
10,265
10,79
10,113
11,2
9,5
9,7
8,9
8,12
